Output for LinkedList
Course 1
Hole     1   2   3   4   5   6   7   8   9  10  11  12  13  14  15  16  17  18 Total
Par      5   5   3   4   5   5   4   5   3   5   3   3   4   5   3   4   4   4    74
Score    7   3   1   7   8   6   6   3   4   5   7   3   5   5   2   8   4   7    91

Course 2
Hole     1   2   3   4   5   6   7   8   9  10  11  12  13  14  15  16  17  18 Total
Par      4   4   3   3   3   4   5   4   4   5   5   3   5   3   4   3   5   4    71
Score    4   8   2   6   7   7   3   8   2   3   5   5   3   6   6   6   8   4    93

Course 3
Hole     1   2   3   4   5   6   7   8   9  10  11  12  13  14  15  16  17  18 Total
Par      4   4   4   3   4   4   3   3   3   4   3   4   4   3   5   4   4   5    68
Score    4   4   4   5   3   6   1   7   7   6   6   4   3   6   5   3   3   4    81

Course 4
Hole     1   2   3   4   5   6   7   8   9  10  11  12  13  14  15  16  17  18 Total
Par      4   4   3   3   5   4   4   4   4   5   3   3   3   5   3   3   4   3    67
Score    6   6   3   5   7   3   4   5   2   3   1   7   2   5   2   4   4   2    71

Course 5
Hole     1   2   3   4   5   6   7   8   9  10  11  12  13  14  15  16  17  18 Total
Par      5   4   4   3   4   3   5   4   4   3   3   5   4   5   3   4   5   5    73
Score    4   3   4   4   8   7   4   2   8   1   7   6   6   4   4   2   5   7    86

Course 6
Hole     1   2   3   4   5   6   7   8   9  10  11  12  13  14  15  16  17  18 Total
Par      5   5   3   3   5   3   5   3   4   4   5   4   3   4   5   3   3   4    71
Score    5   9   6   5   3   2   6   3   6   3   7   2   3   5   7   3   1   8    84

Course 7
Hole     1   2   3   4   5   6   7   8   9  10  11  12  13  14  15  16  17  18 Total
Par      3   4   4   3   4   5   3   5   5   4   5   4   4   4   3   3   3   5    71
Score    4   2   7   2   7   9   2   5   6   3   8   8   6   5   1   4   5   4    88

Course 8
Hole     1   2   3   4   5   6   7   8   9  10  11  12  13  14  15  16  17  18 Total
Par      3   3   4   4   4   5   5   5   5   3   3   4   3   4   5   5   4   5    74
Score    6   5   7   4   4   7   5   8   5   1   4   4   3   3   8   5   3   7    89

Course 9
Hole     1   2   3   4   5   6   7   8   9  10  11  12  13  14  15  16  17  18 Total
Par      3   5   5   3   4   3   4   5   4   3   3   4   3   5   4   5   3   3    69
Score    1   8   6   2   8   4   3   8   2   7   7   6   4   5   8   6   3   7    95

Course 10
Hole     1   2   3   4   5   6   7   8   9  10  11  12  13  14  15  16  17  18 Total
Par      4   3   4   4   5   3   3   4   3   3   5   3   4   5   5   4   4   5    71
Score    3   7   4   8   7   5   1   8   6   7   3   6   5   9   7   5   6   6   103

Course 11
Hole     1   2   3   4   5   6   7   8   9  10  11  12  13  14  15  16  17  18 Total
Par      5   3   3   3   3   5   5   5   3   4   5   5   3   4   3   3   4   3    69
Score    9   7   6   6   5   3   7   6   6   2   4   8   6   6   7   2   4   2    96

Course 12
Hole     1   2   3   4   5   6   7   8   9  10  11  12  13  14  15  16  17  18 Total
Par      5   4   3   4   3   3   3   5   4   3   4   5   5   3   4   3   3   3    67
Score    7   7   7   3   6   3   1   8   8   6   4   8   9   4   2   7   1   1    92

Course 13
Hole     1   2   3   4   5   6   7   8   9  10  11  12  13  14  15  16  17  18 Total
Par      4   5   4   5   4   5   5   5   5   3   5   3   5   3   4   3   5   3    76
Score    7   5   2   3   4   9   9   7   7   1   9   3   4   5   8   1   6   1    91

Course 14
Hole     1   2   3   4   5   6   7   8   9  10  11  12  13  14  15  16  17  18 Total
Par      4   4   4   5   4   5   4   4   5   4   3   3   3   3   4   4   4   3    70
Score    4   2   3   5   7   5   2   2   5   2   2   3   7   2   8   5   7   3    74

Course 15
Hole     1   2   3   4   5   6   7   8   9  10  11  12  13  14  15  16  17  18 Total
Par      5   5   4   3   4   4   3   3   3   3   5   4   5   4   4   5   5   4    73
Score    8   9   4   3   5   5   3   4   6   4   8   6   4   4   8   8   9   5   103

Course 16
Hole     1   2   3   4   5   6   7   8   9  10  11  12  13  14  15  16  17  18 Total
Par      3   5   4   4   4   3   4   3   4   4   5   4   3   3   5   3   4   4    69
Score    5   6   8   3   8   7   3   7   2   3   8   5   2   4   5   1   2   7    86

Course 17
Hole     1   2   3   4   5   6   7   8   9  10  11  12  13  14  15  16  17  18 Total
Par      4   3   4   3   3   5   5   4   3   5   5   5   5   4   5   4   4   5    76
Score    7   1   2   2   5   6   7   3   2   4   6   8   9   6   8   2   3   3    84

Course 18
Hole     1   2   3   4   5   6   7   8   9  10  11  12  13  14  15  16  17  18 Total
Par      4   5   3   5   4   3   3   5   3   5   5   5   3   5   5   5   5   5    78
Score    6   5   6   4   2   5   6   8   3   3   3   9   5   6   7   9   9   6   102

Course 19
Hole     1   2   3   4   5   6   7   8   9  10  11  12  13  14  15  16  17  18 Total
Par      3   4   4   5   4   4   5   4   3   5   3   4   5   5   4   3   5   5    75
Score    1   3   8   6   5   2   3   7   3   6   5   4   9   6   4   2   4   3    81

Course 20
Hole     1   2   3   4   5   6   7   8   9  10  11  12  13  14  15  16  17  18 Total
Par      4   5   5   5   4   4   3   4   3   5   4   3   3   3   5   4   4   4    72
Score    4   9   5   4   4   2   7   5   3   9   8   3   5   4   3   4   8   7    94

Course 21
Hole     1   2   3   4   5   6   7   8   9  10  11  12  13  14  15  16  17  18 Total
Par      4   5   3   5   5   4   4   3   4   3   3   3   3   4   3   4   4   3    67
Score    7   8   6   5   3   4   8   4   6   3   6   2   7   3   4   8   2   5    91

Course 22
Hole     1   2   3   4   5   6   7   8   9  10  11  12  13  14  15  16  17  18 Total
Par      4   5   4   3   4   4   4   4   4   5   4   3   3   3   3   4   5   3    69
Score    2   5   2   5   7   8   6   5   3   8   3   5   3   3   1   2   7   4    79

Course 23
Hole     1   2   3   4   5   6   7   8   9  10  11  12  13  14  15  16  17  18 Total
Par      3   5   5   4   5   4   5   5   3   3   5   4   4   3   3   4   3   3    71
Score    5   3   9   2   3   7   5   7   4   2   5   5   4   5   3   8   3   2    82

Course 24
Hole     1   2   3   4   5   6   7   8   9  10  11  12  13  14  15  16  17  18 Total
Par      3   5   5   5   4   5   5   5   5   3   5   4   5   4   3   3   5   3    77
Score    2   7   9   3   6   9   7   4   4   1   7   5   5   8   6   6   7   7   103

Course 25
Hole     1   2   3   4   5   6   7   8   9  10  11  12  13  14  15  16  17  18 Total
Par      5   3   5   3   5   3   3   3   4   5   3   3   5   5   5   3   4   5    72
Score    6   1   9   4   4   3   3   3   7   5   3   6   5   8   5   1   4   9    86

Course 26
Hole     1   2   3   4   5   6   7   8   9  10  11  12  13  14  15  16  17  18 Total
Par      4   5   4   4   5   4   5   4   3   4   3   3   5   4   3   4   5   4    73
Score    5   9   3   6   6   8   5   3   1   2   2   3   6   6   1   5   4   6    81

Course 27
Hole     1   2   3   4   5   6   7   8   9  10  11  12  13  14  15  16  17  18 Total
Par      3   5   4   5   4   5   5   3   5   4   4   4   4   5   4   5   5   5    79
Score    1   8   6   3   4   7   6   1   6   5   4   8   4   7   2   9   7   5    93

Course 28
Hole     1   2   3   4   5   6   7   8   9  10  11  12  13  14  15  16  17  18 Total
Par      3   3   4   4   4   3   4   4   3   4   4   5   5   3   3   5   3   3    67
Score    6   2   2   8   3   6   3   2   3   5   5   3   9   6   7   5   4   1    80

Course 29
Hole     1   2   3   4   5   6   7   8   9  10  11  12  13  14  15  16  17  18 Total
Par      3   4   3   4   5   4   4   4   3   3   5   3   5   4   4   3   3   4    68
Score    4   2   6   6   9   5   7   3   7   4   4   7   4   4   2   5   2   4    85

Course 30
Hole     1   2   3   4   5   6   7   8   9  10  11  12  13  14  15  16  17  18 Total
Par      3   5   5   3   5   5   5   3   4   5   4   4   3   4   5   5   4   3    75
Score    1   4   7   7   9   4   7   5   6   3   7   3   1   4   6   5   5   2    86

Course 31
Hole     1   2   3   4   5   6   7   8   9  10  11  12  13  14  15  16  17  18 Total
Par      5   5   4   3   5   3   5   4   4   5   5   5   3   4   3   4   3   3    73
Score    5   3   2   1   4   1   6   2   2   4   5   7   1   5   5   4   7   3    67

Course 32
Hole     1   2   3   4   5   6   7   8   9  10  11  12  13  14  15  16  17  18 Total
Par      4   3   5   5   4   5   4   5   5   3   4   4   4   4   5   4   5   5    78
Score    2   3   4   4   4   4   3   3   7   4   8   4   7   3   5   7   3   7    82

Course 33
Hole     1   2   3   4   5   6   7   8   9  10  11  12  13  14  15  16  17  18 Total
Par      4   5   3   5   4   5   5   4   4   5   4   5   4   5   3   3   4   5    77
Score    2   5   6   7   3   6   9   5   2   3   4   7   2   3   7   5   3   3    82

Course 34
Hole     1   2   3   4   5   6   7   8   9  10  11  12  13  14  15  16  17  18 Total
Par      4   3   3   3   4   5   5   5   4   5   4   3   3   5   3   5   4   3    71
Score    3   7   2   4   3   4   5   4   8   9   8   7   1   4   1   4   4   4    82

Course 35
Hole     1   2   3   4   5   6   7   8   9  10  11  12  13  14  15  16  17  18 Total
Par      4   4   3   5   3   3   4   3   4   3   3   5   5   5   3   5   3   4    69
Score    8   4   1   9   2   2   7   2   2   5   6   9   8   4   4   4   2   8    87

Course 36
Hole     1   2   3   4   5   6   7   8   9  10  11  12  13  14  15  16  17  18 Total
Par      4   4   5   4   4   5   5   5   3   5   5   4   3   4   5   5   5   3    78
Score    3   7   8   7   5   4   8   7   5   4   4   2   2   7   3   7   7   4    94

Course 37
Hole     1   2   3   4   5   6   7   8   9  10  11  12  13  14  15  16  17  18 Total
Par      3   5   5   5   4   5   3   4   4   3   4   4   3   5   4   3   5   3    72
Score    1   5   3   3   6   4   3   3   7   5   2   4   6   5   4   5   6   1    73

Course 38
Hole     1   2   3   4   5   6   7   8   9  10  11  12  13  14  15  16  17  18 Total
Par      4   3   4   4   5   3   4   3   4   5   3   3   5   5   5   3   5   3    71
Score    7   5   4   5   6   6   6   3   6   3   1   5   3   8   8   1   9   7    93

Course 39
Hole     1   2   3   4   5   6   7   8   9  10  11  12  13  14  15  16  17  18 Total
Par      4   5   3   5   3   4   4   5   4   3   5   3   4   5   3   4   4   5    73
Score    8   9   3   8   5   5   7   4   8   7   6   5   8   8   1   7   2   4   105

Course 40
Hole     1   2   3   4   5   6   7   8   9  10  11  12  13  14  15  16  17  18 Total
Par      3   4   3   3   5   3   4   3   5   4   3   3   5   5   3   5   4   3    68
Score    4   6   6   3   3   6   3   6   6   8   7   7   4   8   1   4   3   6    91

Course 41
Hole     1   2   3   4   5   6   7   8   9  10  11  12  13  14  15  16  17  18 Total
Par      5   5   3   5   3   3   4   5   4   3   5   4   4   5   4   5   4   3    74
Score    5   3   6   5   7   7   2   9   6   4   8   8   2   3   4   8   3   4    94

Course 42
Hole     1   2   3   4   5   6   7   8   9  10  11  12  13  14  15  16  17  18 Total
Par      5   3   4   5   5   3   4   3   3   4   4   3   3   3   5   5   4   4    70
Score    4   7   6   7   3   7   3   3   1   4   7   3   2   1   8   9   7   3    85

Course 43
Hole     1   2   3   4   5   6   7   8   9  10  11  12  13  14  15  16  17  18 Total
Par      5   4   4   4   5   5   3   5   5   4   5   3   4   3   5   3   5   3    75
Score    7   7   4   6   9   9   3   4   4   4   3   4   7   5   5   4   5   7    97

Course 44
Hole     1   2   3   4   5   6   7   8   9  10  11  12  13  14  15  16  17  18 Total
Par      5   3   3   3   3   5   5   5   4   3   5   3   4   5   3   5   4   5    73
Score    7   1   4   4   5   7   9   4   3   1   9   7   8   6   3   4   4   3    89

Course 45
Hole     1   2   3   4   5   6   7   8   9  10  11  12  13  14  15  16  17  18 Total
Par      5   4   3   5   3   5   3   4   5   5   5   5   5   5   5   5   3   5    80
Score    7   4   6   5   5   3   3   6   9   4   4   3   7   8   6   8   4   4    96

Course 46
Hole     1   2   3   4   5   6   7   8   9  10  11  12  13  14  15  16  17  18 Total
Par      3   4   3   4   3   5   4   3   5   4   3   4   5   5   3   5   5   5    73
Score    6   2   3   5   1   3   6   4   4   5   3   2   5   8   1   9   9   5    81

Course 47
Hole     1   2   3   4   5   6   7   8   9  10  11  12  13  14  15  16  17  18 Total
Par      3   3   5   5   5   3   4   3   3   4   5   5   3   3   4   3   3   3    67
Score    1   7   5   7   9   6   2   3   6   5   6   9   2   4   6   3   2   5    88

Course 48
Hole     1   2   3   4   5   6   7   8   9  10  11  12  13  14  15  16  17  18 Total
Par      4   3   3   3   4   3   5   5   5   5   3   5   5   3   5   3   3   3    70
Score    7   1   7   4   8   5   9   8   5   4   5   6   9   6   3   2   3   1    93

Course 49
Hole     1   2   3   4   5   6   7   8   9  10  11  12  13  14  15  16  17  18 Total
Par      5   5   4   3   5   3   5   3   3   5   3   3   5   3   3   5   3   3    69
Score    9   4   5   7   6   7   3   6   7   6   1   1   3   1   5   7   4   3    85

Course 50
Hole     1   2   3   4   5   6   7   8   9  10  11  12  13  14  15  16  17  18 Total
Par      3   4   5   4   5   4   4   5   4   4   3   4   4   5   5   5   3   5    76
Score    7   8   6   6   7   8   3   4   5   8   3   5   6   6   7   5   4   9   107

Course 51
Hole     1   2   3   4   5   6   7   8   9  10  11  12  13  14  15  16  17  18 Total
Par      3   3   4   3   3   4   3   4   4   3   5   3   4   4   3   3   3   5    64
Score    7   3   6   2   5   8   6   7   4   7   7   6   4   2   2   7   4   5    92

Course 52
Hole     1   2   3   4   5   6   7   8   9  10  11  12  13  14  15  16  17  18 Total
Par      4   4   4   3   4   3   3   5   5   4   5   5   3   5   5   3   4   3    72
Score    7   4   5   3   3   6   2   9   4   8   7   5   5   9   4   4   2   6    93

Course 53
Hole     1   2   3   4   5   6   7   8   9  10  11  12  13  14  15  16  17  18 Total
Par      5   4   4   3   5   3   5   3   3   4   3   5   3   4   5   3   4   5    71
Score    6   8   3   3   7   4   3   6   7   4   1   9   4   2   6   5   4   5    87

Course 54
Hole     1   2   3   4   5   6   7   8   9  10  11  12  13  14  15  16  17  18 Total
Par      4   4   5   3   5   3   3   5   3   4   5   3   5   3   3   4   5   3    70
Score    7   6   4   5   7   2   2   3   2   8   3   3   9   5   4   7   4   7    88

Course 55
Hole     1   2   3   4   5   6   7   8   9  10  11  12  13  14  15  16  17  18 Total
Par      3   5   3   4   3   3   4   4   5   4   4   5   5   3   3   4   5   4    71
Score    4   4   4   3   6   1   6   6   3   2   6   4   5   7   3   8   3   8    83

Course 56
Hole     1   2   3   4   5   6   7   8   9  10  11  12  13  14  15  16  17  18 Total
Par      5   5   3   5   5   4   5   5   3   3   3   3   4   4   4   4   3   5    73
Score    4   4   4   9   6   2   9   9   2   1   2   4   6   5   6   2   5   5    85

Course 57
Hole     1   2   3   4   5   6   7   8   9  10  11  12  13  14  15  16  17  18 Total
Par      5   3   5   4   3   5   5   5   5   3   4   3   3   3   5   4   5   4    74
Score    7   3   6   5   2   9   4   7   8   4   5   1   1   1   8   2   5   7    85

Course 58
Hole     1   2   3   4   5   6   7   8   9  10  11  12  13  14  15  16  17  18 Total
Par      3   5   3   5   4   3   3   5   3   3   4   5   4   3   3   4   5   3    68
Score    4   6   2   7   6   1   5   9   5   7   6   6   2   5   6   2   9   1    89

Course 59
Hole     1   2   3   4   5   6   7   8   9  10  11  12  13  14  15  16  17  18 Total
Par      4   4   3   4   4   5   4   5   4   3   3   5   5   3   4   4   4   5    73
Score    2   5   3   2   8   8   4   5   8   2   4   8   4   6   4   6   6   8    93

Course 60
Hole     1   2   3   4   5   6   7   8   9  10  11  12  13  14  15  16  17  18 Total
Par      3   4   4   3   4   3   3   5   4   3   5   3   3   5   4   3   5   5    69
Score    6   4   7   5   7   1   3   9   3   3   8   1   3   4   5   7   6   7    89

Course 61
Hole     1   2   3   4   5   6   7   8   9  10  11  12  13  14  15  16  17  18 Total
Par      3   3   4   3   5   3   5   5   4   4   4   5   5   4   4   5   5   5    76
Score    2   7   3   1   3   1   8   8   7   2   2   6   4   5   6   5   4   7    81

Course 62
Hole     1   2   3   4   5   6   7   8   9  10  11  12  13  14  15  16  17  18 Total
Par      4   4   3   5   3   3   4   5   4   3   4   5   3   3   3   5   3   4    68
Score    8   6   5   5   1   6   8   7   8   3   2   5   5   4   2   7   1   6    89

Course 63
Hole     1   2   3   4   5   6   7   8   9  10  11  12  13  14  15  16  17  18 Total
Par      4   5   5   4   4   5   5   5   5   5   3   5   4   3   4   5   3   3    77
Score    4   5   9   5   2   8   7   4   8   8   5   9   4   2   2   8   4   5    99

Course 64
Hole     1   2   3   4   5   6   7   8   9  10  11  12  13  14  15  16  17  18 Total
Par      5   4   4   4   3   3   5   4   5   3   4   3   3   4   5   3   5   5    72
Score    7   5   3   8   6   4   3   5   9   6   5   2   7   3   3   7   5   5    93

Course 65
Hole     1   2   3   4   5   6   7   8   9  10  11  12  13  14  15  16  17  18 Total
Par      4   4   5   5   4   4   4   4   4   3   3   5   4   5   4   4   5   5    76
Score    6   4   9   5   5   5   4   4   5   6   7   6   7   3   3   4   8   5    96

Course 66
Hole     1   2   3   4   5   6   7   8   9  10  11  12  13  14  15  16  17  18 Total
Par      3   5   3   3   5   3   4   5   5   3   5   5   5   5   5   5   5   4    78
Score    2   8   6   3   8   7   7   5   3   2   9   5   3   6   5   7   7   4    97

Course 67
Hole     1   2   3   4   5   6   7   8   9  10  11  12  13  14  15  16  17  18 Total
Par      3   3   4   5   4   5   5   4   5   3   3   5   5   5   4   3   4   4    74
Score    7   3   3   6   6   8   8   2   4   6   4   3   9   7   6   5   6   3    96

Course 68
Hole     1   2   3   4   5   6   7   8   9  10  11  12  13  14  15  16  17  18 Total
Par      4   4   4   4   5   3   3   3   4   3   3   4   3   3   4   5   4   3    66
Score    5   5   2   3   9   2   4   7   5   3   7   7   7   5   3   4   6   1    85

Course 69
Hole     1   2   3   4   5   6   7   8   9  10  11  12  13  14  15  16  17  18 Total
Par      5   4   4   4   5   5   3   5   3   3   4   5   5   3   3   5   5   3    74
Score    9   7   7   2   7   9   5   5   2   1   7   4   5   7   6   8   7   6   104

Course 70
Hole     1   2   3   4   5   6   7   8   9  10  11  12  13  14  15  16  17  18 Total
Par      4   5   4   5   4   3   4   3   5   5   4   5   3   4   4   3   3   3    71
Score    8   6   4   5   2   6   3   7   6   6   3   9   2   2   5   2   4   3    83

Course 71
Hole     1   2   3   4   5   6   7   8   9  10  11  12  13  14  15  16  17  18 Total
Par      5   5   3   4   4   4   4   4   5   3   4   4   4   3   4   3   5   5    73
Score    7   8   3   5   7   2   8   5   3   1   2   3   6   3   3   2   8   3    79

Course 72
Hole     1   2   3   4   5   6   7   8   9  10  11  12  13  14  15  16  17  18 Total
Par      3   5   4   3   4   4   4   4   5   3   5   3   4   4   5   5   5   3    73
Score    4   9   7   6   5   8   5   3   3   5   9   3   8   5   4   4   7   6   101

Course 73
Hole     1   2   3   4   5   6   7   8   9  10  11  12  13  14  15  16  17  18 Total
Par      4   5   5   4   5   5   5   4   3   3   4   5   3   4   3   4   5   5    76
Score    8   5   6   4   9   6   5   4   6   2   8   9   3   2   7   5   8   9   106

Course 74
Hole     1   2   3   4   5   6   7   8   9  10  11  12  13  14  15  16  17  18 Total
Par      3   3   4   5   4   3   3   5   4   3   5   5   4   5   3   4   4   5    72
Score    6   7   7   6   2   6   2   8   7   2   9   9   5   6   1   3   3   3    92

Course 75
Hole     1   2   3   4   5   6   7   8   9  10  11  12  13  14  15  16  17  18 Total
Par      4   4   4   3   5   4   3   4   4   3   5   3   3   3   5   5   3   5    70
Score    6   8   5   4   8   8   6   2   3   5   4   4   6   7   3   5   5   7    96

Course 76
Hole     1   2   3   4   5   6   7   8   9  10  11  12  13  14  15  16  17  18 Total
Par      5   4   4   5   5   5   5   4   3   4   5   3   4   4   5   5   4   3    77
Score    7   5   8   4   7   4   5   8   5   8   6   6   2   7   8   8   4   4   106

Course 77
Hole     1   2   3   4   5   6   7   8   9  10  11  12  13  14  15  16  17  18 Total
Par      3   3   3   4   3   3   5   3   5   5   3   5   5   5   5   3   4   4    71
Score    3   1   3   6   5   5   9   3   9   8   5   7   5   7   6   3   2   8    95

Course 78
Hole     1   2   3   4   5   6   7   8   9  10  11  12  13  14  15  16  17  18 Total
Par      3   3   3   4   3   3   4   3   3   3   4   5   4   5   3   5   5   4    67
Score    1   3   5   2   3   4   6   6   7   4   4   8   3   4   3   4   9   6    82

Course 79
Hole     1   2   3   4   5   6   7   8   9  10  11  12  13  14  15  16  17  18 Total
Par      5   3   3   4   5   4   5   5   4   4   4   4   5   3   3   4   4   5    74
Score    5   5   6   5   3   3   7   5   3   7   6   3   6   1   1   8   2   7    83

Course 80
Hole     1   2   3   4   5   6   7   8   9  10  11  12  13  14  15  16  17  18 Total
Par      3   3   4   4   4   5   4   5   5   5   5   3   3   4   3   4   5   4    73
Score    1   7   2   6   8   6   6   6   5   9   7   6   6   8   6   4   9   3   105

Course 81
Hole     1   2   3   4   5   6   7   8   9  10  11  12  13  14  15  16  17  18 Total
Par      4   5   4   5   3   5   3   4   4   5   3   4   3   4   4   5   5   4    74
Score    6   5   6   7   7   5   4   6   6   7   7   5   3   4   6   4   8   5   101

Course 82
Hole     1   2   3   4   5   6   7   8   9  10  11  12  13  14  15  16  17  18 Total
Par      4   4   4   5   3   4   3   3   4   4   5   3   3   5   4   5   5   4    72
Score    8   7   4   3   2   3   1   1   7   5   5   5   7   5   7   6   7   7    90

Course 83
Hole     1   2   3   4   5   6   7   8   9  10  11  12  13  14  15  16  17  18 Total
Par      4   5   5   3   4   4   5   5   5   4   4   4   4   5   5   4   3   3    76
Score    5   9   4   5   2   6   3   6   9   2   7   6   5   6   8   7   7   4   101

Course 84
Hole     1   2   3   4   5   6   7   8   9  10  11  12  13  14  15  16  17  18 Total
Par      4   4   5   3   4   5   5   3   5   4   3   3   4   3   3   3   3   4    68
Score    4   6   9   1   2   6   6   2   4   4   2   4   8   6   3   3   5   7    82

Course 85
Hole     1   2   3   4   5   6   7   8   9  10  11  12  13  14  15  16  17  18 Total
Par      3   4   5   3   3   3   4   5   4   5   5   4   4   5   4   3   5   5    74
Score    4   5   3   5   1   2   8   9   5   6   3   7   8   3   3   2   4   6    84

Course 86
Hole     1   2   3   4   5   6   7   8   9  10  11  12  13  14  15  16  17  18 Total
Par      5   3   4   5   4   3   3   5   4   4   4   4   4   4   5   3   4   3    71
Score    3   7   6   4   6   4   3   8   5   5   7   6   3   6   4   7   8   2    94

Course 87
Hole     1   2   3   4   5   6   7   8   9  10  11  12  13  14  15  16  17  18 Total
Par      4   5   4   4   4   4   3   5   5   4   3   4   3   4   5   5   5   4    75
Score    4   3   2   4   4   3   5   4   9   2   5   4   6   7   7   7   5   4    85

Course 88
Hole     1   2   3   4   5   6   7   8   9  10  11  12  13  14  15  16  17  18 Total
Par      5   5   3   5   3   5   5   4   3   5   3   5   4   4   3   3   3   5    73
Score    7   8   7   8   7   8   4   2   5   5   1   3   6   2   4   4   7   9    97

Course 89
Hole     1   2   3   4   5   6   7   8   9  10  11  12  13  14  15  16  17  18 Total
Par      5   3   5   3   4   3   4   4   5   3   3   3   5   5   4   4   5   5    73
Score    6   4   4   6   7   4   5   7   3   6   4   6   3   9   7   8   9   8   106

Course 90
Hole     1   2   3   4   5   6   7   8   9  10  11  12  13  14  15  16  17  18 Total
Par      5   4   3   5   4   5   5   3   3   3   4   5   3   4   3   4   3   3    69
Score    6   2   7   6   5   4   6   3   5   2   7   3   3   8   1   2   2   3    75

Course 91
Hole     1   2   3   4   5   6   7   8   9  10  11  12  13  14  15  16  17  18 Total
Par      4   4   5   4   4   3   3   3   4   3   4   5   3   5   4   3   3   5    69
Score    4   7   5   7   4   5   5   3   2   7   4   6   5   7   7   7   4   6    95

Course 92
Hole     1   2   3   4   5   6   7   8   9  10  11  12  13  14  15  16  17  18 Total
Par      4   5   4   4   4   3   5   5   5   3   5   4   4   4   4   4   3   5    75
Score    8   7   4   3   6   3   6   4   6   5   8   3   8   5   7   6   3   7    99

Course 93
Hole     1   2   3   4   5   6   7   8   9  10  11  12  13  14  15  16  17  18 Total
Par      4   4   3   4   5   5   3   5   3   4   3   4   3   3   5   4   3   5    70
Score    3   3   1   6   8   9   1   5   5   5   6   3   4   6   5   5   7   7    89

Course 94
Hole     1   2   3   4   5   6   7   8   9  10  11  12  13  14  15  16  17  18 Total
Par      3   3   4   3   3   5   3   3   4   3   4   4   3   4   4   3   5   4    65
Score    5   1   2   7   2   8   7   4   6   1   2   3   2   7   5   6   5   3    76

Course 95
Hole     1   2   3   4   5   6   7   8   9  10  11  12  13  14  15  16  17  18 Total
Par      3   4   5   4   5   3   3   4   5   3   5   4   3   5   4   5   4   4    73
Score    4   6   6   2   9   7   1   3   6   2   5   2   5   6   4   9   8   8    93

Course 96
Hole     1   2   3   4   5   6   7   8   9  10  11  12  13  14  15  16  17  18 Total
Par      5   4   3   5   4   3   4   3   5   3   4   5   5   3   5   5   4   3    73
Score    6   6   1   9   5   6   5   3   4   6   4   9   7   3   4   7   4   6    95

Course 97
Hole     1   2   3   4   5   6   7   8   9  10  11  12  13  14  15  16  17  18 Total
Par      5   5   4   5   4   3   3   3   3   5   5   5   3   5   3   5   5   3    74
Score    7   7   6   5   7   3   6   2   1   9   5   8   3   7   2   6   6   6    96

Course 98
Hole     1   2   3   4   5   6   7   8   9  10  11  12  13  14  15  16  17  18 Total
Par      5   5   5   3   5   3   5   5   5   5   3   3   5   4   3   4   4   3    75
Score    8   8   7   3   5   5   6   6   6   6   1   3   4   2   5   7   2   1    85

Course 99
Hole     1   2   3   4   5   6   7   8   9  10  11  12  13  14  15  16  17  18 Total
Par      5   4   3   3   4   5   5   5   3   3   4   5   4   3   5   3   3   5    72
Score    5   5   4   7   5   3   3   7   3   2   5   4   3   7   5   3   6   5    82

Course 100
Hole     1   2   3   4   5   6   7   8   9  10  11  12  13  14  15  16  17  18 Total
Par      5   5   5   5   5   3   4   3   4   4   5   5   5   4   4   4   5   3    78
Score    4   8   4   8   4   5   2   3   5   4   4   6   8   8   3   8   9   6    99

Output for ArrayList
Course 1
Hole     1   2   3   4   5   6   7   8   9  10  11  12  13  14  15  16  17  18 Total
Par      5   5   3   4   5   5   4   5   3   5   3   3   4   5   3   4   4   4    74
Score    7   3   1   7   8   6   6   3   4   5   7   3   5   5   2   8   4   7    91

Course 2
Hole     1   2   3   4   5   6   7   8   9  10  11  12  13  14  15  16  17  18 Total
Par      4   4   3   3   3   4   5   4   4   5   5   3   5   3   4   3   5   4    71
Score    4   8   2   6   7   7   3   8   2   3   5   5   3   6   6   6   8   4    93

Course 3
Hole     1   2   3   4   5   6   7   8   9  10  11  12  13  14  15  16  17  18 Total
Par      4   4   4   3   4   4   3   3   3   4   3   4   4   3   5   4   4   5    68
Score    4   4   4   5   3   6   1   7   7   6   6   4   3   6   5   3   3   4    81

Course 4
Hole     1   2   3   4   5   6   7   8   9  10  11  12  13  14  15  16  17  18 Total
Par      4   4   3   3   5   4   4   4   4   5   3   3   3   5   3   3   4   3    67
Score    6   6   3   5   7   3   4   5   2   3   1   7   2   5   2   4   4   2    71

Course 5
Hole     1   2   3   4   5   6   7   8   9  10  11  12  13  14  15  16  17  18 Total
Par      5   4   4   3   4   3   5   4   4   3   3   5   4   5   3   4   5   5    73
Score    4   3   4   4   8   7   4   2   8   1   7   6   6   4   4   2   5   7    86

Course 6
Hole     1   2   3   4   5   6   7   8   9  10  11  12  13  14  15  16  17  18 Total
Par      5   5   3   3   5   3   5   3   4   4   5   4   3   4   5   3   3   4    71
Score    5   9   6   5   3   2   6   3   6   3   7   2   3   5   7   3   1   8    84

Course 7
Hole     1   2   3   4   5   6   7   8   9  10  11  12  13  14  15  16  17  18 Total
Par      3   4   4   3   4   5   3   5   5   4   5   4   4   4   3   3   3   5    71
Score    4   2   7   2   7   9   2   5   6   3   8   8   6   5   1   4   5   4    88

Course 8
Hole     1   2   3   4   5   6   7   8   9  10  11  12  13  14  15  16  17  18 Total
Par      3   3   4   4   4   5   5   5   5   3   3   4   3   4   5   5   4   5    74
Score    6   5   7   4   4   7   5   8   5   1   4   4   3   3   8   5   3   7    89

Course 9
Hole     1   2   3   4   5   6   7   8   9  10  11  12  13  14  15  16  17  18 Total
Par      3   5   5   3   4   3   4   5   4   3   3   4   3   5   4   5   3   3    69
Score    1   8   6   2   8   4   3   8   2   7   7   6   4   5   8   6   3   7    95

Course 10
Hole     1   2   3   4   5   6   7   8   9  10  11  12  13  14  15  16  17  18 Total
Par      4   3   4   4   5   3   3   4   3   3   5   3   4   5   5   4   4   5    71
Score    3   7   4   8   7   5   1   8   6   7   3   6   5   9   7   5   6   6   103

Course 11
Hole     1   2   3   4   5   6   7   8   9  10  11  12  13  14  15  16  17  18 Total
Par      5   3   3   3   3   5   5   5   3   4   5   5   3   4   3   3   4   3    69
Score    9   7   6   6   5   3   7   6   6   2   4   8   6   6   7   2   4   2    96

Course 12
Hole     1   2   3   4   5   6   7   8   9  10  11  12  13  14  15  16  17  18 Total
Par      5   4   3   4   3   3   3   5   4   3   4   5   5   3   4   3   3   3    67
Score    7   7   7   3   6   3   1   8   8   6   4   8   9   4   2   7   1   1    92

Course 13
Hole     1   2   3   4   5   6   7   8   9  10  11  12  13  14  15  16  17  18 Total
Par      4   5   4   5   4   5   5   5   5   3   5   3   5   3   4   3   5   3    76
Score    7   5   2   3   4   9   9   7   7   1   9   3   4   5   8   1   6   1    91

Course 14
Hole     1   2   3   4   5   6   7   8   9  10  11  12  13  14  15  16  17  18 Total
Par      4   4   4   5   4   5   4   4   5   4   3   3   3   3   4   4   4   3    70
Score    4   2   3   5   7   5   2   2   5   2   2   3   7   2   8   5   7   3    74

Course 15
Hole     1   2   3   4   5   6   7   8   9  10  11  12  13  14  15  16  17  18 Total
Par      5   5   4   3   4   4   3   3   3   3   5   4   5   4   4   5   5   4    73
Score    8   9   4   3   5   5   3   4   6   4   8   6   4   4   8   8   9   5   103

Course 16
Hole     1   2   3   4   5   6   7   8   9  10  11  12  13  14  15  16  17  18 Total
Par      3   5   4   4   4   3   4   3   4   4   5   4   3   3   5   3   4   4    69
Score    5   6   8   3   8   7   3   7   2   3   8   5   2   4   5   1   2   7    86

Course 17
Hole     1   2   3   4   5   6   7   8   9  10  11  12  13  14  15  16  17  18 Total
Par      4   3   4   3   3   5   5   4   3   5   5   5   5   4   5   4   4   5    76
Score    7   1   2   2   5   6   7   3   2   4   6   8   9   6   8   2   3   3    84

Course 18
Hole     1   2   3   4   5   6   7   8   9  10  11  12  13  14  15  16  17  18 Total
Par      4   5   3   5   4   3   3   5   3   5   5   5   3   5   5   5   5   5    78
Score    6   5   6   4   2   5   6   8   3   3   3   9   5   6   7   9   9   6   102

Course 19
Hole     1   2   3   4   5   6   7   8   9  10  11  12  13  14  15  16  17  18 Total
Par      3   4   4   5   4   4   5   4   3   5   3   4   5   5   4   3   5   5    75
Score    1   3   8   6   5   2   3   7   3   6   5   4   9   6   4   2   4   3    81

Course 20
Hole     1   2   3   4   5   6   7   8   9  10  11  12  13  14  15  16  17  18 Total
Par      4   5   5   5   4   4   3   4   3   5   4   3   3   3   5   4   4   4    72
Score    4   9   5   4   4   2   7   5   3   9   8   3   5   4   3   4   8   7    94

Course 21
Hole     1   2   3   4   5   6   7   8   9  10  11  12  13  14  15  16  17  18 Total
Par      4   5   3   5   5   4   4   3   4   3   3   3   3   4   3   4   4   3    67
Score    7   8   6   5   3   4   8   4   6   3   6   2   7   3   4   8   2   5    91

Course 22
Hole     1   2   3   4   5   6   7   8   9  10  11  12  13  14  15  16  17  18 Total
Par      4   5   4   3   4   4   4   4   4   5   4   3   3   3   3   4   5   3    69
Score    2   5   2   5   7   8   6   5   3   8   3   5   3   3   1   2   7   4    79

Course 23
Hole     1   2   3   4   5   6   7   8   9  10  11  12  13  14  15  16  17  18 Total
Par      3   5   5   4   5   4   5   5   3   3   5   4   4   3   3   4   3   3    71
Score    5   3   9   2   3   7   5   7   4   2   5   5   4   5   3   8   3   2    82

Course 24
Hole     1   2   3   4   5   6   7   8   9  10  11  12  13  14  15  16  17  18 Total
Par      3   5   5   5   4   5   5   5   5   3   5   4   5   4   3   3   5   3    77
Score    2   7   9   3   6   9   7   4   4   1   7   5   5   8   6   6   7   7   103

Course 25
Hole     1   2   3   4   5   6   7   8   9  10  11  12  13  14  15  16  17  18 Total
Par      5   3   5   3   5   3   3   3   4   5   3   3   5   5   5   3   4   5    72
Score    6   1   9   4   4   3   3   3   7   5   3   6   5   8   5   1   4   9    86

Course 26
Hole     1   2   3   4   5   6   7   8   9  10  11  12  13  14  15  16  17  18 Total
Par      4   5   4   4   5   4   5   4   3   4   3   3   5   4   3   4   5   4    73
Score    5   9   3   6   6   8   5   3   1   2   2   3   6   6   1   5   4   6    81

Course 27
Hole     1   2   3   4   5   6   7   8   9  10  11  12  13  14  15  16  17  18 Total
Par      3   5   4   5   4   5   5   3   5   4   4   4   4   5   4   5   5   5    79
Score    1   8   6   3   4   7   6   1   6   5   4   8   4   7   2   9   7   5    93

Course 28
Hole     1   2   3   4   5   6   7   8   9  10  11  12  13  14  15  16  17  18 Total
Par      3   3   4   4   4   3   4   4   3   4   4   5   5   3   3   5   3   3    67
Score    6   2   2   8   3   6   3   2   3   5   5   3   9   6   7   5   4   1    80

Course 29
Hole     1   2   3   4   5   6   7   8   9  10  11  12  13  14  15  16  17  18 Total
Par      3   4   3   4   5   4   4   4   3   3   5   3   5   4   4   3   3   4    68
Score    4   2   6   6   9   5   7   3   7   4   4   7   4   4   2   5   2   4    85

Course 30
Hole     1   2   3   4   5   6   7   8   9  10  11  12  13  14  15  16  17  18 Total
Par      3   5   5   3   5   5   5   3   4   5   4   4   3   4   5   5   4   3    75
Score    1   4   7   7   9   4   7   5   6   3   7   3   1   4   6   5   5   2    86

Course 31
Hole     1   2   3   4   5   6   7   8   9  10  11  12  13  14  15  16  17  18 Total
Par      5   5   4   3   5   3   5   4   4   5   5   5   3   4   3   4   3   3    73
Score    5   3   2   1   4   1   6   2   2   4   5   7   1   5   5   4   7   3    67

Course 32
Hole     1   2   3   4   5   6   7   8   9  10  11  12  13  14  15  16  17  18 Total
Par      4   3   5   5   4   5   4   5   5   3   4   4   4   4   5   4   5   5    78
Score    2   3   4   4   4   4   3   3   7   4   8   4   7   3   5   7   3   7    82

Course 33
Hole     1   2   3   4   5   6   7   8   9  10  11  12  13  14  15  16  17  18 Total
Par      4   5   3   5   4   5   5   4   4   5   4   5   4   5   3   3   4   5    77
Score    2   5   6   7   3   6   9   5   2   3   4   7   2   3   7   5   3   3    82

Course 34
Hole     1   2   3   4   5   6   7   8   9  10  11  12  13  14  15  16  17  18 Total
Par      4   3   3   3   4   5   5   5   4   5   4   3   3   5   3   5   4   3    71
Score    3   7   2   4   3   4   5   4   8   9   8   7   1   4   1   4   4   4    82

Course 35
Hole     1   2   3   4   5   6   7   8   9  10  11  12  13  14  15  16  17  18 Total
Par      4   4   3   5   3   3   4   3   4   3   3   5   5   5   3   5   3   4    69
Score    8   4   1   9   2   2   7   2   2   5   6   9   8   4   4   4   2   8    87

Course 36
Hole     1   2   3   4   5   6   7   8   9  10  11  12  13  14  15  16  17  18 Total
Par      4   4   5   4   4   5   5   5   3   5   5   4   3   4   5   5   5   3    78
Score    3   7   8   7   5   4   8   7   5   4   4   2   2   7   3   7   7   4    94

Course 37
Hole     1   2   3   4   5   6   7   8   9  10  11  12  13  14  15  16  17  18 Total
Par      3   5   5   5   4   5   3   4   4   3   4   4   3   5   4   3   5   3    72
Score    1   5   3   3   6   4   3   3   7   5   2   4   6   5   4   5   6   1    73

Course 38
Hole     1   2   3   4   5   6   7   8   9  10  11  12  13  14  15  16  17  18 Total
Par      4   3   4   4   5   3   4   3   4   5   3   3   5   5   5   3   5   3    71
Score    7   5   4   5   6   6   6   3   6   3   1   5   3   8   8   1   9   7    93

Course 39
Hole     1   2   3   4   5   6   7   8   9  10  11  12  13  14  15  16  17  18 Total
Par      4   5   3   5   3   4   4   5   4   3   5   3   4   5   3   4   4   5    73
Score    8   9   3   8   5   5   7   4   8   7   6   5   8   8   1   7   2   4   105

Course 40
Hole     1   2   3   4   5   6   7   8   9  10  11  12  13  14  15  16  17  18 Total
Par      3   4   3   3   5   3   4   3   5   4   3   3   5   5   3   5   4   3    68
Score    4   6   6   3   3   6   3   6   6   8   7   7   4   8   1   4   3   6    91

Course 41
Hole     1   2   3   4   5   6   7   8   9  10  11  12  13  14  15  16  17  18 Total
Par      5   5   3   5   3   3   4   5   4   3   5   4   4   5   4   5   4   3    74
Score    5   3   6   5   7   7   2   9   6   4   8   8   2   3   4   8   3   4    94

Course 42
Hole     1   2   3   4   5   6   7   8   9  10  11  12  13  14  15  16  17  18 Total
Par      5   3   4   5   5   3   4   3   3   4   4   3   3   3   5   5   4   4    70
Score    4   7   6   7   3   7   3   3   1   4   7   3   2   1   8   9   7   3    85

Course 43
Hole     1   2   3   4   5   6   7   8   9  10  11  12  13  14  15  16  17  18 Total
Par      5   4   4   4   5   5   3   5   5   4   5   3   4   3   5   3   5   3    75
Score    7   7   4   6   9   9   3   4   4   4   3   4   7   5   5   4   5   7    97

Course 44
Hole     1   2   3   4   5   6   7   8   9  10  11  12  13  14  15  16  17  18 Total
Par      5   3   3   3   3   5   5   5   4   3   5   3   4   5   3   5   4   5    73
Score    7   1   4   4   5   7   9   4   3   1   9   7   8   6   3   4   4   3    89

Course 45
Hole     1   2   3   4   5   6   7   8   9  10  11  12  13  14  15  16  17  18 Total
Par      5   4   3   5   3   5   3   4   5   5   5   5   5   5   5   5   3   5    80
Score    7   4   6   5   5   3   3   6   9   4   4   3   7   8   6   8   4   4    96

Course 46
Hole     1   2   3   4   5   6   7   8   9  10  11  12  13  14  15  16  17  18 Total
Par      3   4   3   4   3   5   4   3   5   4   3   4   5   5   3   5   5   5    73
Score    6   2   3   5   1   3   6   4   4   5   3   2   5   8   1   9   9   5    81

Course 47
Hole     1   2   3   4   5   6   7   8   9  10  11  12  13  14  15  16  17  18 Total
Par      3   3   5   5   5   3   4   3   3   4   5   5   3   3   4   3   3   3    67
Score    1   7   5   7   9   6   2   3   6   5   6   9   2   4   6   3   2   5    88

Course 48
Hole     1   2   3   4   5   6   7   8   9  10  11  12  13  14  15  16  17  18 Total
Par      4   3   3   3   4   3   5   5   5   5   3   5   5   3   5   3   3   3    70
Score    7   1   7   4   8   5   9   8   5   4   5   6   9   6   3   2   3   1    93

Course 49
Hole     1   2   3   4   5   6   7   8   9  10  11  12  13  14  15  16  17  18 Total
Par      5   5   4   3   5   3   5   3   3   5   3   3   5   3   3   5   3   3    69
Score    9   4   5   7   6   7   3   6   7   6   1   1   3   1   5   7   4   3    85

Course 50
Hole     1   2   3   4   5   6   7   8   9  10  11  12  13  14  15  16  17  18 Total
Par      3   4   5   4   5   4   4   5   4   4   3   4   4   5   5   5   3   5    76
Score    7   8   6   6   7   8   3   4   5   8   3   5   6   6   7   5   4   9   107

Course 51
Hole     1   2   3   4   5   6   7   8   9  10  11  12  13  14  15  16  17  18 Total
Par      3   3   4   3   3   4   3   4   4   3   5   3   4   4   3   3   3   5    64
Score    7   3   6   2   5   8   6   7   4   7   7   6   4   2   2   7   4   5    92

Course 52
Hole     1   2   3   4   5   6   7   8   9  10  11  12  13  14  15  16  17  18 Total
Par      4   4   4   3   4   3   3   5   5   4   5   5   3   5   5   3   4   3    72
Score    7   4   5   3   3   6   2   9   4   8   7   5   5   9   4   4   2   6    93

Course 53
Hole     1   2   3   4   5   6   7   8   9  10  11  12  13  14  15  16  17  18 Total
Par      5   4   4   3   5   3   5   3   3   4   3   5   3   4   5   3   4   5    71
Score    6   8   3   3   7   4   3   6   7   4   1   9   4   2   6   5   4   5    87

Course 54
Hole     1   2   3   4   5   6   7   8   9  10  11  12  13  14  15  16  17  18 Total
Par      4   4   5   3   5   3   3   5   3   4   5   3   5   3   3   4   5   3    70
Score    7   6   4   5   7   2   2   3   2   8   3   3   9   5   4   7   4   7    88

Course 55
Hole     1   2   3   4   5   6   7   8   9  10  11  12  13  14  15  16  17  18 Total
Par      3   5   3   4   3   3   4   4   5   4   4   5   5   3   3   4   5   4    71
Score    4   4   4   3   6   1   6   6   3   2   6   4   5   7   3   8   3   8    83

Course 56
Hole     1   2   3   4   5   6   7   8   9  10  11  12  13  14  15  16  17  18 Total
Par      5   5   3   5   5   4   5   5   3   3   3   3   4   4   4   4   3   5    73
Score    4   4   4   9   6   2   9   9   2   1   2   4   6   5   6   2   5   5    85

Course 57
Hole     1   2   3   4   5   6   7   8   9  10  11  12  13  14  15  16  17  18 Total
Par      5   3   5   4   3   5   5   5   5   3   4   3   3   3   5   4   5   4    74
Score    7   3   6   5   2   9   4   7   8   4   5   1   1   1   8   2   5   7    85

Course 58
Hole     1   2   3   4   5   6   7   8   9  10  11  12  13  14  15  16  17  18 Total
Par      3   5   3   5   4   3   3   5   3   3   4   5   4   3   3   4   5   3    68
Score    4   6   2   7   6   1   5   9   5   7   6   6   2   5   6   2   9   1    89

Course 59
Hole     1   2   3   4   5   6   7   8   9  10  11  12  13  14  15  16  17  18 Total
Par      4   4   3   4   4   5   4   5   4   3   3   5   5   3   4   4   4   5    73
Score    2   5   3   2   8   8   4   5   8   2   4   8   4   6   4   6   6   8    93

Course 60
Hole     1   2   3   4   5   6   7   8   9  10  11  12  13  14  15  16  17  18 Total
Par      3   4   4   3   4   3   3   5   4   3   5   3   3   5   4   3   5   5    69
Score    6   4   7   5   7   1   3   9   3   3   8   1   3   4   5   7   6   7    89

Course 61
Hole     1   2   3   4   5   6   7   8   9  10  11  12  13  14  15  16  17  18 Total
Par      3   3   4   3   5   3   5   5   4   4   4   5   5   4   4   5   5   5    76
Score    2   7   3   1   3   1   8   8   7   2   2   6   4   5   6   5   4   7    81

Course 62
Hole     1   2   3   4   5   6   7   8   9  10  11  12  13  14  15  16  17  18 Total
Par      4   4   3   5   3   3   4   5   4   3   4   5   3   3   3   5   3   4    68
Score    8   6   5   5   1   6   8   7   8   3   2   5   5   4   2   7   1   6    89

Course 63
Hole     1   2   3   4   5   6   7   8   9  10  11  12  13  14  15  16  17  18 Total
Par      4   5   5   4   4   5   5   5   5   5   3   5   4   3   4   5   3   3    77
Score    4   5   9   5   2   8   7   4   8   8   5   9   4   2   2   8   4   5    99

Course 64
Hole     1   2   3   4   5   6   7   8   9  10  11  12  13  14  15  16  17  18 Total
Par      5   4   4   4   3   3   5   4   5   3   4   3   3   4   5   3   5   5    72
Score    7   5   3   8   6   4   3   5   9   6   5   2   7   3   3   7   5   5    93

Course 65
Hole     1   2   3   4   5   6   7   8   9  10  11  12  13  14  15  16  17  18 Total
Par      4   4   5   5   4   4   4   4   4   3   3   5   4   5   4   4   5   5    76
Score    6   4   9   5   5   5   4   4   5   6   7   6   7   3   3   4   8   5    96

Course 66
Hole     1   2   3   4   5   6   7   8   9  10  11  12  13  14  15  16  17  18 Total
Par      3   5   3   3   5   3   4   5   5   3   5   5   5   5   5   5   5   4    78
Score    2   8   6   3   8   7   7   5   3   2   9   5   3   6   5   7   7   4    97

Course 67
Hole     1   2   3   4   5   6   7   8   9  10  11  12  13  14  15  16  17  18 Total
Par      3   3   4   5   4   5   5   4   5   3   3   5   5   5   4   3   4   4    74
Score    7   3   3   6   6   8   8   2   4   6   4   3   9   7   6   5   6   3    96

Course 68
Hole     1   2   3   4   5   6   7   8   9  10  11  12  13  14  15  16  17  18 Total
Par      4   4   4   4   5   3   3   3   4   3   3   4   3   3   4   5   4   3    66
Score    5   5   2   3   9   2   4   7   5   3   7   7   7   5   3   4   6   1    85

Course 69
Hole     1   2   3   4   5   6   7   8   9  10  11  12  13  14  15  16  17  18 Total
Par      5   4   4   4   5   5   3   5   3   3   4   5   5   3   3   5   5   3    74
Score    9   7   7   2   7   9   5   5   2   1   7   4   5   7   6   8   7   6   104

Course 70
Hole     1   2   3   4   5   6   7   8   9  10  11  12  13  14  15  16  17  18 Total
Par      4   5   4   5   4   3   4   3   5   5   4   5   3   4   4   3   3   3    71
Score    8   6   4   5   2   6   3   7   6   6   3   9   2   2   5   2   4   3    83

Course 71
Hole     1   2   3   4   5   6   7   8   9  10  11  12  13  14  15  16  17  18 Total
Par      5   5   3   4   4   4   4   4   5   3   4   4   4   3   4   3   5   5    73
Score    7   8   3   5   7   2   8   5   3   1   2   3   6   3   3   2   8   3    79

Course 72
Hole     1   2   3   4   5   6   7   8   9  10  11  12  13  14  15  16  17  18 Total
Par      3   5   4   3   4   4   4   4   5   3   5   3   4   4   5   5   5   3    73
Score    4   9   7   6   5   8   5   3   3   5   9   3   8   5   4   4   7   6   101

Course 73
Hole     1   2   3   4   5   6   7   8   9  10  11  12  13  14  15  16  17  18 Total
Par      4   5   5   4   5   5   5   4   3   3   4   5   3   4   3   4   5   5    76
Score    8   5   6   4   9   6   5   4   6   2   8   9   3   2   7   5   8   9   106

Course 74
Hole     1   2   3   4   5   6   7   8   9  10  11  12  13  14  15  16  17  18 Total
Par      3   3   4   5   4   3   3   5   4   3   5   5   4   5   3   4   4   5    72
Score    6   7   7   6   2   6   2   8   7   2   9   9   5   6   1   3   3   3    92

Course 75
Hole     1   2   3   4   5   6   7   8   9  10  11  12  13  14  15  16  17  18 Total
Par      4   4   4   3   5   4   3   4   4   3   5   3   3   3   5   5   3   5    70
Score    6   8   5   4   8   8   6   2   3   5   4   4   6   7   3   5   5   7    96

Course 76
Hole     1   2   3   4   5   6   7   8   9  10  11  12  13  14  15  16  17  18 Total
Par      5   4   4   5   5   5   5   4   3   4   5   3   4   4   5   5   4   3    77
Score    7   5   8   4   7   4   5   8   5   8   6   6   2   7   8   8   4   4   106

Course 77
Hole     1   2   3   4   5   6   7   8   9  10  11  12  13  14  15  16  17  18 Total
Par      3   3   3   4   3   3   5   3   5   5   3   5   5   5   5   3   4   4    71
Score    3   1   3   6   5   5   9   3   9   8   5   7   5   7   6   3   2   8    95

Course 78
Hole     1   2   3   4   5   6   7   8   9  10  11  12  13  14  15  16  17  18 Total
Par      3   3   3   4   3   3   4   3   3   3   4   5   4   5   3   5   5   4    67
Score    1   3   5   2   3   4   6   6   7   4   4   8   3   4   3   4   9   6    82

Course 79
Hole     1   2   3   4   5   6   7   8   9  10  11  12  13  14  15  16  17  18 Total
Par      5   3   3   4   5   4   5   5   4   4   4   4   5   3   3   4   4   5    74
Score    5   5   6   5   3   3   7   5   3   7   6   3   6   1   1   8   2   7    83

Course 80
Hole     1   2   3   4   5   6   7   8   9  10  11  12  13  14  15  16  17  18 Total
Par      3   3   4   4   4   5   4   5   5   5   5   3   3   4   3   4   5   4    73
Score    1   7   2   6   8   6   6   6   5   9   7   6   6   8   6   4   9   3   105

Course 81
Hole     1   2   3   4   5   6   7   8   9  10  11  12  13  14  15  16  17  18 Total
Par      4   5   4   5   3   5   3   4   4   5   3   4   3   4   4   5   5   4    74
Score    6   5   6   7   7   5   4   6   6   7   7   5   3   4   6   4   8   5   101

Course 82
Hole     1   2   3   4   5   6   7   8   9  10  11  12  13  14  15  16  17  18 Total
Par      4   4   4   5   3   4   3   3   4   4   5   3   3   5   4   5   5   4    72
Score    8   7   4   3   2   3   1   1   7   5   5   5   7   5   7   6   7   7    90

Course 83
Hole     1   2   3   4   5   6   7   8   9  10  11  12  13  14  15  16  17  18 Total
Par      4   5   5   3   4   4   5   5   5   4   4   4   4   5   5   4   3   3    76
Score    5   9   4   5   2   6   3   6   9   2   7   6   5   6   8   7   7   4   101

Course 84
Hole     1   2   3   4   5   6   7   8   9  10  11  12  13  14  15  16  17  18 Total
Par      4   4   5   3   4   5   5   3   5   4   3   3   4   3   3   3   3   4    68
Score    4   6   9   1   2   6   6   2   4   4   2   4   8   6   3   3   5   7    82

Course 85
Hole     1   2   3   4   5   6   7   8   9  10  11  12  13  14  15  16  17  18 Total
Par      3   4   5   3   3   3   4   5   4   5   5   4   4   5   4   3   5   5    74
Score    4   5   3   5   1   2   8   9   5   6   3   7   8   3   3   2   4   6    84

Course 86
Hole     1   2   3   4   5   6   7   8   9  10  11  12  13  14  15  16  17  18 Total
Par      5   3   4   5   4   3   3   5   4   4   4   4   4   4   5   3   4   3    71
Score    3   7   6   4   6   4   3   8   5   5   7   6   3   6   4   7   8   2    94

Course 87
Hole     1   2   3   4   5   6   7   8   9  10  11  12  13  14  15  16  17  18 Total
Par      4   5   4   4   4   4   3   5   5   4   3   4   3   4   5   5   5   4    75
Score    4   3   2   4   4   3   5   4   9   2   5   4   6   7   7   7   5   4    85

Course 88
Hole     1   2   3   4   5   6   7   8   9  10  11  12  13  14  15  16  17  18 Total
Par      5   5   3   5   3   5   5   4   3   5   3   5   4   4   3   3   3   5    73
Score    7   8   7   8   7   8   4   2   5   5   1   3   6   2   4   4   7   9    97

Course 89
Hole     1   2   3   4   5   6   7   8   9  10  11  12  13  14  15  16  17  18 Total
Par      5   3   5   3   4   3   4   4   5   3   3   3   5   5   4   4   5   5    73
Score    6   4   4   6   7   4   5   7   3   6   4   6   3   9   7   8   9   8   106

Course 90
Hole     1   2   3   4   5   6   7   8   9  10  11  12  13  14  15  16  17  18 Total
Par      5   4   3   5   4   5   5   3   3   3   4   5   3   4   3   4   3   3    69
Score    6   2   7   6   5   4   6   3   5   2   7   3   3   8   1   2   2   3    75

Course 91
Hole     1   2   3   4   5   6   7   8   9  10  11  12  13  14  15  16  17  18 Total
Par      4   4   5   4   4   3   3   3   4   3   4   5   3   5   4   3   3   5    69
Score    4   7   5   7   4   5   5   3   2   7   4   6   5   7   7   7   4   6    95

Course 92
Hole     1   2   3   4   5   6   7   8   9  10  11  12  13  14  15  16  17  18 Total
Par      4   5   4   4   4   3   5   5   5   3   5   4   4   4   4   4   3   5    75
Score    8   7   4   3   6   3   6   4   6   5   8   3   8   5   7   6   3   7    99

Course 93
Hole     1   2   3   4   5   6   7   8   9  10  11  12  13  14  15  16  17  18 Total
Par      4   4   3   4   5   5   3   5   3   4   3   4   3   3   5   4   3   5    70
Score    3   3   1   6   8   9   1   5   5   5   6   3   4   6   5   5   7   7    89

Course 94
Hole     1   2   3   4   5   6   7   8   9  10  11  12  13  14  15  16  17  18 Total
Par      3   3   4   3   3   5   3   3   4   3   4   4   3   4   4   3   5   4    65
Score    5   1   2   7   2   8   7   4   6   1   2   3   2   7   5   6   5   3    76

Course 95
Hole     1   2   3   4   5   6   7   8   9  10  11  12  13  14  15  16  17  18 Total
Par      3   4   5   4   5   3   3   4   5   3   5   4   3   5   4   5   4   4    73
Score    4   6   6   2   9   7   1   3   6   2   5   2   5   6   4   9   8   8    93

Course 96
Hole     1   2   3   4   5   6   7   8   9  10  11  12  13  14  15  16  17  18 Total
Par      5   4   3   5   4   3   4   3   5   3   4   5   5   3   5   5   4   3    73
Score    6   6   1   9   5   6   5   3   4   6   4   9   7   3   4   7   4   6    95

Course 97
Hole     1   2   3   4   5   6   7   8   9  10  11  12  13  14  15  16  17  18 Total
Par      5   5   4   5   4   3   3   3   3   5   5   5   3   5   3   5   5   3    74
Score    7   7   6   5   7   3   6   2   1   9   5   8   3   7   2   6   6   6    96

Course 98
Hole     1   2   3   4   5   6   7   8   9  10  11  12  13  14  15  16  17  18 Total
Par      5   5   5   3   5   3   5   5   5   5   3   3   5   4   3   4   4   3    75
Score    8   8   7   3   5   5   6   6   6   6   1   3   4   2   5   7   2   1    85

Course 99
Hole     1   2   3   4   5   6   7   8   9  10  11  12  13  14  15  16  17  18 Total
Par      5   4   3   3   4   5   5   5   3   3   4   5   4   3   5   3   3   5    72
Score    5   5   4   7   5   3   3   7   3   2   5   4   3   7   5   3   6   5    82

Course 100
Hole     1   2   3   4   5   6   7   8   9  10  11  12  13  14  15  16  17  18 Total
Par      5   5   5   5   5   3   4   3   4   4   5   5   5   4   4   4   5   3    78
Score    4   8   4   8   4   5   2   3   5   4   4   6   8   8   3   8   9   6    99

